.Random.seed <-
c(403L, 11L, -394215983L, -1180835968L, -1022782882L, -644847191L, 
121178203L, -356519830L, 114401548L, 573897551L, 1890912261L, 
856733372L, -52203630L, 382106765L, 1105562311L, -71496786L, 
1495082504L, -282445301L, -52315415L, -1851923016L, 608092774L, 
1124757249L, 1041123731L, -1835703742L, -402594316L, -1542029321L, 
602424301L, 1697639556L, -343551318L, 1372317717L, 1537249455L, 
2064580278L, 774860000L, -174960605L, -1502679231L, -1033498064L, 
1897508942L, -1232310087L, 2038498507L, 544262522L, -1485630340L, 
1961074879L, -389364331L, -331336276L, -1200353406L, 680342877L, 
437734487L, -1675711682L, -1103039624L, -40181669L, 1504520121L, 
-487279096L, -753105738L, 995533809L, 1451781667L, -997273998L, 
-1224952636L, -630422905L, -2067432867L, 1851112532L, -946530694L, 
1136879045L, -852441313L, 408953510L, 783057968L, -1766869293L, 
-475228943L, 782184480L, -1018861890L, 1980314313L, -1456748421L, 
1434969674L, 913859244L, -1020987985L, -1678764699L, 1236509468L, 
1098303346L, 448912365L, -421925849L, 399955022L, 1240086696L, 
-1854531925L, 643400649L, -1298473000L, 1909732998L, -898830495L, 
1079911155L, -87073438L, 1712290772L, 1466187479L, 789775565L, 
-1521433500L, -2124527030L, 338350005L, 1291301647L, -2026008554L, 
-212362560L, 1526692995L, -2093479775L, -1741447536L, -1345839762L, 
-1969476839L, 709668779L, -853881446L, -2142701220L, 1907265631L, 
-1754587083L, -2049248308L, -1193085150L, 1608206717L, -1982242185L, 
-2145903714L, -147731880L, -1498586181L, 1652467033L, -2086600984L, 
1090092822L, -73756527L, -851137213L, -98060206L, -895202588L, 
-2129670873L, 2094503293L, 194215028L, 132539994L, -1967086939L, 
-1117083457L, 1459002182L, -2036930096L, 393772019L, -1139465455L, 
1606447936L, -1248716002L, -1524046871L, 894298395L, 946225962L, 
2091680844L, 463064079L, -1727371451L, 315871484L, -1170104494L, 
537546957L, -37298041L, 111297390L, 909194568L, -94977717L, 1975039145L, 
1419134456L, 411282726L, -554660287L, 1161676755L, -726934142L, 
2094592436L, 1046977847L, -199256019L, 1100629316L, 1842643562L, 
-1529991979L, 1346759279L, 1565400950L, 1386766496L, 408107363L, 
2142042625L, 286796144L, -992421618L, -659215495L, 1735516939L, 
-1890030534L, 1150339900L, -448438145L, -1127857195L, -202789396L, 
1395638082L, -153763683L, 1286600983L, 2041335934L, -1205573576L, 
-1679229157L, 807079033L, -304311096L, -591923978L, 719480113L, 
1627755875L, -305236174L, -31547260L, -1348354873L, 894463901L, 
-1952523500L, 396274106L, -70352891L, 623769055L, -482883482L, 
1107163120L, -1530003181L, 334667441L, 1256741216L, 117927678L, 
1240664713L, 371500475L, 70213514L, -1793194388L, -2015807505L, 
-321138651L, -1525554980L, -879458638L, -1684280915L, -255926937L, 
-138556786L, 1109218152L, 1718930283L, -1132759799L, -447280232L, 
464636614L, 1913958433L, 1017869491L, -993614302L, -1310042092L, 
-736191337L, 1215936141L, -137242716L, 1587825034L, -1096894987L, 
195373135L, -1734705322L, 2035226112L, -342022333L, 1114439393L, 
2020465744L, -295099218L, -728457054L, 530056008L, -614608372L, 
1133867740L, 141404242L, 22731904L, 1941696340L, -2125496344L, 
752265978L, -2078834864L, -1738783700L, -1044225676L, 1409128082L, 
1906424416L, 356063372L, 2022984032L, -1356932894L, 353518760L, 
1994297036L, -1808868868L, 633168818L, 975223792L, -1267361340L, 
9186648L, 90687866L, -910820944L, -717061700L, -1087832492L, 
1047030210L, -771683552L, 2005916604L, 180641872L, -1601395742L, 
1456473960L, 612392780L, 602783484L, 1929625330L, -249201408L, 
-1758612364L, -2080006648L, -1755243078L, 999097808L, -467148820L, 
-1331364972L, 1129894098L, 1764625504L, -1478683316L, 180857632L, 
1844148866L, 934519272L, -577100820L, -1108113860L, 1428995698L, 
72979312L, -205550300L, 432114232L, -1112051302L, -1578203696L, 
-762366532L, -2024905068L, -326286718L, -1421777472L, 843435836L, 
1158394512L, -440826078L, -1289611768L, -699493620L, -994161764L, 
-428792814L, -1699286144L, 685288212L, 547071272L, -1609846726L, 
-437038128L, 391711340L, -49894348L, -966928238L, -1147272864L, 
106585420L, 590122464L, 1859023778L, 1658428328L, 809200780L, 
1562624956L, 1847110770L, 1375356912L, 1633399876L, -211285928L, 
1926307898L, 1763135600L, -1152121284L, -2118826220L, 931306178L, 
663470816L, -489214852L, -2015220528L, -2126480478L, 1249209896L, 
-392279796L, 89659324L, 455448882L, 1267531968L, -1445711308L, 
-1125315896L, -319542598L, 1084355728L, -1734486292L, -1702855084L, 
-48724334L, 634930976L, -1166641204L, 990019808L, 1857994434L, 
142586920L, 1212095404L, 1545878204L, -1621046798L, 668833328L, 
-307071068L, 1932276152L, 740049754L, -237325168L, 1092987772L, 
2056529684L, -7254718L, -1684263168L, -675015748L, -1629040816L, 
-1764931294L, -1339268536L, -961081332L, 1567331420L, 1064595922L, 
-725320192L, 202514772L, -558559000L, -1746378502L, -419920176L, 
-1523822292L, -169205516L, -1798156910L, -2134419104L, 293525516L, 
336528096L, 1462921826L, -1731116376L, 1278503500L, 1951215484L, 
1861719346L, 1740220016L, 1647014724L, -822532136L, -2117826694L, 
-118196688L, 128329660L, 1272329812L, 1578651714L, -1175850848L, 
2128901820L, -1384994352L, 732693346L, -1027333400L, -1308835636L, 
1027924476L, 1579807218L, 1629883008L, 1306697204L, 166885000L, 
-791224518L, 1423299408L, 1577610348L, 236323220L, 1512535122L, 
-1485946400L, -795829044L, 2091697312L, 1642018178L, 1608190184L, 
-1311213844L, -1108716228L, 1556204658L, 1930750064L, -1589247964L, 
1282001976L, 1668050714L, 1208757456L, 1037860668L, 808888212L, 
1552634754L, 2105379264L, 698744380L, 1829602704L, 726449698L, 
-1415944952L, 2029579916L, -378921188L, 846463122L, -1895319168L, 
-365042156L, 474570536L, -2085807558L, 1755004368L, -229791380L, 
1218757556L, -1399367662L, 13546976L, 276793292L, -303505184L, 
-1270654942L, 1613619496L, 724065804L, -1488427204L, 741671922L, 
1341840112L, -10760636L, 305218136L, 1766051642L, 593602032L, 
1069815484L, 1503787284L, 759661250L, 287994976L, 942523260L, 
82696144L, 2075599138L, -1101563224L, -234218612L, 1229740103L, 
691489809L, 1117154710L, 1353330932L, -1287054715L, 1513771983L, 
-2007262520L, -1964860570L, -1497947757L, -1693127947L, 457818834L, 
-628626144L, -506428151L, 672334395L, -739993716L, 1769322010L, 
1031450255L, 1744234969L, -460808594L, -1656439300L, -1443641491L, 
1442984215L, 1323359456L, 1081807550L, -934436725L, -1213710579L, 
199659322L, -697268360L, -196305631L, -1943585325L, -489669388L, 
1648309634L, 1408593943L, 1959794401L, -1309536218L, 1591592228L, 
-1677840939L, -381906561L, 73846808L, -1160483018L, 1727396291L, 
833599493L, 577092514L, -1058150512L, -1498692807L, 1456592875L, 
658929884L, 271804682L, -1293527041L, 244406857L, 1207517150L, 
-1675849844L, -1782792355L, 907650919L, 512941200L, 1240658606L, 
1783820123L, -863142083L, 742227370L, -1888841144L, 795259505L, 
-1188543517L, -804573468L, 527988242L, 1753334247L, -286458447L, 
52562934L, -287455724L, 1913235749L, -1453845969L, -1463842840L, 
99283142L, 705684851L, -345920043L, -286191182L, -1990250624L, 
1682436969L, -512387109L, -2091327700L, 139546938L, -484691985L, 
1597831801L, -1320932082L, 2106082524L, -779396275L, 86323895L, 
-1115717568L, -1624702690L, -318018581L, 30807917L, 1478745562L, 
-100593768L, -787276287L, 1325100979L, 1854185172L, -1130715166L, 
293849719L, 768783297L, 336359750L, 2065457284L, -1942723019L, 
681995807L, 1033148792L, -615180202L, 1275753699L, 1673634469L, 
1328537410L, -622674640L, 846642521L, 1436135115L, 1156220732L, 
36425578L, -1726038625L, 1774736425L, -1482111298L, 405792684L, 
849456381L, 1016191047L, 1043801904L, 996655182L, -955986821L, 
-610590755L, -809824758L, 761680680L, 399760785L, -2020285565L, 
1061013636L, -229415246L, 2134800903L, -214267311L, 344293846L, 
257207476L, -317679419L, -1797264881L, -978075000L, -1654179930L, 
745979731L, -1553055563L, 336600594L, -1766130720L, 808029769L, 
